Crank Angle	PCYL1	CAM_TRIG	
deg	bar	V	
-360.0	1.573	0.85920	
-359.0	1.549	0.85952	
-358.0	1.503	0.85920	
-357.0	1.485	0.85920	
-356.0	1.410	0.85952	
-355.0	1.341	0.85920	
-354.0	1.285	0.85952	
-353.0	1.224	0.85920	
-352.0	1.141	0.85952	
-351.0	1.061	0.85952	
-350.0	0.997	0.85920	
-349.0	0.960	0.85952	
-348.0	0.909	0.85952	
-347.0	0.893	0.85952	
-346.0	0.853	0.85952	
-345.0	0.851	0.85952	
-344.0	0.832	0.85920	
-343.0	0.867	0.85952	
-342.0	0.843	0.85952	
-341.0	0.851	0.85952	
-340.0	0.843	0.85952	
-339.0	0.851	0.85920	
-338.0	0.848	0.85920	
-337.0	0.845	0.85952	
-336.0	0.840	0.85952	
-335.0	0.843	0.85920	
-334.0	0.840	0.85952	
-333.0	0.835	0.85920	
-332.0	0.835	0.85920	
-331.0	0.829	0.85920	
-330.0	0.824	0.85920	
-329.0	0.829	0.85920	
-328.0	0.832	0.85920	
-327.0	0.835	0.85920	
-326.0	0.835	0.85920	
-325.0	0.845	0.85920	
-324.0	0.851	0.85920	
-323.0	0.856	0.85920	
-322.0	0.856	0.85920	
-321.0	0.859	0.85920	
-320.0	0.861	0.85888	
-319.0	0.867	0.85920	
-318.0	0.869	0.85888	
-317.0	0.875	0.85920	
-316.0	0.875	0.85888	
-315.0	0.880	0.85888	
-314.0	0.885	0.85888	
-313.0	0.891	0.85888	
-312.0	0.891	0.85888	
-311.0	0.893	0.85888	
-310.0	0.896	0.85888	
-309.0	0.901	0.85888	
-308.0	0.899	0.85888	
-307.0	0.901	0.85888	
-306.0	0.904	0.85888	
-305.0	0.904	0.85888	
-304.0	0.907	0.85888	
-303.0	0.901	0.85856	
-302.0	0.901	0.85888	
-301.0	0.907	0.85856	
-300.0	0.901	0.85856	
-299.0	0.901	0.85888	
-298.0	0.899	0.85888	
-297.0	0.899	0.85888	
-296.0	0.899	0.85888	
-295.0	0.893	0.85888	
-294.0	0.896	0.85888	
-293.0	0.891	0.85888	
-292.0	0.891	0.85888	
-291.0	0.888	0.85888	
-290.0	0.888	0.85888	
-289.0	0.888	0.85888	
-288.0	0.885	0.85888	
-287.0	0.885	0.85888	
-286.0	0.883	0.85888	
-285.0	0.883	0.85888	
-284.0	0.883	0.85888	
-283.0	0.883	0.85888	
-282.0	0.883	0.85888	
-281.0	0.885	0.85888	
-280.0	0.883	0.85856	
-279.0	0.880	0.85888	
-278.0	0.883	0.85888	
-277.0	0.883	0.85888	
-276.0	0.880	0.85888	
-275.0	0.880	0.85888	
-274.0	0.883	0.85888	
-273.0	0.883	0.85856	
-272.0	0.880	0.85888	
-271.0	0.880	0.85888	
-270.0	0.880	0.85888	
-269.0	0.883	0.85888	
-268.0	0.883	0.85888	
-267.0	0.883	0.85888	
-266.0	0.880	0.85888	
-265.0	0.885	0.85920	
-264.0	0.888	0.85888	
-263.0	0.888	0.85920	
-262.0	0.888	0.85888	
-261.0	0.888	0.85888	
-260.0	0.893	0.85888	
-259.0	0.893	0.85888	
-258.0	0.899	0.85888	
-257.0	0.896	0.86749	
-256.0	0.899	0.85888	
-255.0	0.899	0.85888	
-254.0	0.904	0.85920	
-253.0	0.907	0.85920	
-252.0	0.907	0.85888	
-251.0	0.909	0.85888	
-250.0	0.912	0.85888	
-249.0	0.912	0.85920	
-248.0	0.917	0.85920	
-247.0	0.917	0.85920	
-246.0	0.920	0.85920	
-245.0	0.923	0.85920	
-244.0	0.925	0.85920	
-243.0	0.928	0.85920	
-242.0	0.931	0.85920	
-241.0	0.931	0.85920	
-240.0	0.933	0.85920	
-239.0	0.936	0.85920	
-238.0	0.936	0.85920	
-237.0	0.939	0.85920	
-236.0	0.939	0.85920	
-235.0	0.941	0.85920	
-234.0	0.941	0.85920	
-233.0	0.944	0.85920	
-232.0	0.947	0.85920	
-231.0	0.947	0.85920	
-230.0	0.947	0.85920	
-229.0	0.947	0.85920	
-228.0	0.949	0.85920	
-227.0	0.949	0.85920	
-226.0	0.949	0.85920	
-225.0	0.949	0.85920	
-224.0	0.949	0.85920	
-223.0	0.949	0.85952	
-222.0	0.952	0.85952	
-221.0	0.952	0.85920	
-220.0	0.949	0.85920	
-219.0	0.955	0.85952	
-218.0	0.952	0.85952	
-217.0	0.952	0.85920	
-216.0	0.955	0.85920	
-215.0	0.955	0.85920	
-214.0	0.955	0.85920	
-213.0	0.955	0.85920	
-212.0	0.955	0.85920	
-211.0	0.955	0.85920	
-210.0	0.955	0.85920	
-209.0	0.957	0.86143	
-208.0	0.955	0.85920	
-207.0	0.957	0.85920	
-206.0	0.957	0.85920	
-205.0	0.957	0.85920	
-204.0	0.957	0.85920	
-203.0	0.957	0.85920	
-202.0	0.955	0.85888	
-201.0	0.957	0.85920	
-200.0	0.957	0.85920	
-199.0	0.957	0.85920	
-198.0	0.957	0.85920	
-197.0	0.963	0.85920	
-196.0	0.960	0.85888	
-195.0	0.960	0.85888	
-194.0	0.960	0.85920	
-193.0	0.960	0.85888	
-192.0	0.960	0.85888	
-191.0	0.960	0.85888	
-190.0	0.960	0.85888	
-189.0	0.963	0.85888	
-188.0	0.963	0.85888	
-187.0	0.963	0.85888	
-186.0	0.965	0.85888	
-185.0	0.965	0.85888	
-184.0	0.963	0.85888	
-183.0	0.965	0.85888	
-182.0	0.965	0.85888	
-181.0	0.968	0.85888	
-180.0	0.965	0.85888	
-179.0	0.970	0.85888	
-178.0	0.968	0.85888	
-177.0	0.970	0.85888	
-176.0	0.970	0.85888	
-175.0	0.968	0.85633	
-174.0	0.970	0.85633	
-173.0	0.973	0.85665	
-172.0	0.970	0.85665	
-171.0	0.973	0.85665	
-170.0	0.970	0.85665	
-169.0	0.976	0.85665	
-168.0	0.973	0.85665	
-167.0	0.978	0.85697	
-166.0	0.978	0.85697	
-165.0	0.984	0.85697	
-164.0	0.981	0.85729	
-163.0	0.984	0.85729	
-162.0	0.986	0.85729	
-161.0	0.989	0.85729	
-160.0	0.933	0.85729	
-159.0	1.021	0.85761	
-158.0	1.029	0.85761	
-157.0	0.915	0.85761	
-156.0	1.026	0.85761	
-155.0	0.965	0.85761	
-154.0	1.021	0.85761	
-153.0	1.005	0.85761	
-152.0	1.034	0.85792	
-151.0	1.010	0.85761	
-150.0	0.989	0.85792	
-149.0	1.040	0.85761	
-148.0	1.010	0.85792	
-147.0	1.037	0.85792	
-146.0	1.048	0.85792	
-145.0	1.026	0.85792	
-144.0	1.061	0.85792	
-143.0	1.056	0.85792	
-142.0	1.056	0.85792	
-141.0	1.069	0.85824	
-140.0	1.080	0.85824	
-139.0	1.072	0.85824	
-138.0	1.088	0.85824	
-137.0	1.096	0.85824	
-136.0	1.098	0.85824	
-135.0	1.109	0.85824	
-134.0	1.120	0.85824	
-133.0	1.122	0.85856	
-132.0	1.133	0.85824	
-131.0	1.146	0.85856	
-130.0	1.149	0.85856	
-129.0	1.162	0.85824	
-128.0	1.170	0.85824	
-127.0	1.178	0.85856	
-126.0	1.189	0.85856	
-125.0	1.200	0.85856	
-124.0	1.208	0.85856	
-123.0	1.221	0.85856	
-122.0	1.234	0.85856	
-121.0	1.245	0.85856	
-120.0	1.258	0.85856	
-119.0	1.269	0.85856	
-118.0	1.282	0.85856	
-117.0	1.296	0.85856	
-116.0	1.311	0.85856	
-115.0	1.325	0.85856	
-114.0	1.341	0.85888	
-113.0	1.357	0.85888	
-112.0	1.373	0.85888	
-111.0	1.389	0.85888	
-110.0	1.407	0.85888	
-109.0	1.423	0.85888	
-108.0	1.442	0.85888	
-107.0	1.463	0.85888	
-106.0	1.485	0.85888	
-105.0	1.501	0.85888	
-104.0	1.522	0.85888	
-103.0	1.546	0.85888	
-102.0	1.567	0.85888	
-101.0	1.591	0.85888	
-100.0	1.615	0.85888	
-99.0	1.639	0.85888	
-98.0	1.666	0.85888	
-97.0	1.692	0.85888	
-96.0	1.722	0.85888	
-95.0	1.748	0.85888	
-94.0	1.778	0.85888	
-93.0	1.812	0.85888	
-92.0	1.842	0.85888	
-91.0	1.876	0.85888	
-90.0	1.911	0.85888	
-89.0	1.948	0.85888	
-88.0	1.983	0.85920	
-87.0	2.023	0.85888	
-86.0	2.063	0.85920	
-85.0	2.108	0.85888	
-84.0	2.148	0.85920	
-83.0	2.193	0.85920	
-82.0	2.244	0.85888	
-81.0	2.289	0.85888	
-80.0	2.342	0.85888	
-79.0	2.398	0.85888	
-78.0	2.452	0.85888	
-77.0	2.513	0.85888	
-76.0	2.572	0.85888	
-75.0	2.633	0.85856	
-74.0	2.699	0.85888	
-73.0	2.769	0.85888	
-72.0	2.838	0.85888	
-71.0	2.915	0.85888	
-70.0	2.993	0.85856	
-69.0	3.075	0.85888	
-68.0	3.163	0.85888	
-67.0	3.248	0.85888	
-66.0	3.342	0.85856	
-65.0	3.443	0.85856	
-64.0	3.541	0.85888	
-63.0	3.653	0.85856	
-62.0	3.765	0.85856	
-61.0	3.885	0.85856	
-60.0	4.008	0.85888	
-59.0	4.138	0.85856	
-58.0	4.277	0.85856	
-57.0	4.420	0.85856	
-56.0	4.572	0.85856	
-55.0	4.732	0.85856	
-54.0	4.903	0.85856	
-53.0	5.076	0.85856	
-52.0	5.265	0.85888	
-51.0	5.462	0.85888	
-50.0	5.673	0.85856	
-49.0	5.891	0.85888	
-48.0	6.120	0.85888	
-47.0	6.368	0.85888	
-46.0	6.629	0.85856	
-45.0	6.901	0.85888	
-44.0	7.188	0.85856	
-43.0	7.500	0.85888	
-42.0	7.820	0.85888	
-41.0	8.166	0.85888	
-40.0	8.531	0.85888	
-39.0	8.917	0.85888	
-38.0	9.322	0.85888	
-37.0	9.759	0.85888	
-36.0	10.215	0.85888	
-35.0	10.702	0.85888	
-34.0	11.219	0.85856	
-33.0	11.768	0.85888	
-32.0	12.346	0.85888	
-31.0	12.961	0.85888	
-30.0	13.619	0.85888	
-29.9	13.683		
-29.8	13.753		
-29.7	13.819		
-29.6	13.889		
-29.5	13.955		
-29.4	14.024		
-29.3	14.096		
-29.2	14.166		
-29.1	14.235		
-29.0	14.307	0.85888	
-28.9	14.376		
-28.8	14.448		
-28.7	14.520		
-28.6	14.592		
-28.5	14.664		
-28.4	14.738		
-28.3	14.810		
-28.2	14.882		
-28.1	14.959		
-28.0	15.034	0.85888	
-27.9	15.109		
-27.8	15.186		
-27.7	15.263		
-27.6	15.340		
-27.5	15.418		
-27.4	15.495		
-27.3	15.572		
-27.2	15.649		
-27.1	15.729		
-27.0	15.809	0.85888	
-26.9	15.887		
-26.8	15.964		
-26.7	16.044		
-26.6	16.129		
-26.5	16.209		
-26.4	16.286		
-26.3	16.371		
-26.2	16.454		
-26.1	16.537		
-26.0	16.617	0.85888	
-25.9	16.702		
-25.8	16.787		
-25.7	16.872		
-25.6	16.960		
-25.5	17.048		
-25.4	17.133		
-25.3	17.219		
-25.2	17.304		
-25.1	17.394		
-25.0	17.482	0.85888	
-24.9	17.570		
-24.8	17.658		
-24.7	17.749		
-24.6	17.837		
-24.5	17.927		
-24.4	18.018		
-24.3	18.111		
-24.2	18.202		
-24.1	18.292		
-24.0	18.383	0.85920	
-23.9	18.479		
-23.8	18.572		
-23.7	18.665		
-23.6	18.761		
-23.5	18.857		
-23.4	18.953		
-23.3	19.049		
-23.2	19.145		
-23.1	19.241		
-23.0	19.339	0.85888	
-22.9	19.435		
-22.8	19.531		
-22.7	19.632		
-22.6	19.731		
-22.5	19.832		
-22.4	19.928		
-22.3	20.029		
-22.2	20.130		
-22.1	20.234		
-22.0	20.336	0.85888	
-21.9	20.442		
-21.8	20.546		
-21.7	20.650		
-21.6	20.751		
-21.5	20.858		
-21.4	20.962		
-21.3	21.068		
-21.2	21.175		
-21.1	21.279		
-21.0	21.383	0.85888	
-20.9	21.489		
-20.8	21.596		
-20.7	21.705		
-20.6	21.814		
-20.5	21.921		
-20.4	22.030		
-20.3	22.139		
-20.2	22.248		
-20.1	22.363		
-20.0	22.472	0.85888	
-19.9	22.587		
-19.8	22.699		
-19.7	22.810		
-19.6	22.925		
-19.5	23.040		
-19.4	23.151		
-19.3	23.269		
-19.2	23.383		
-19.1	23.500		
-19.0	23.615	0.85888	
-18.9	23.732		
-18.8	23.847		
-18.7	23.964		
-18.6	24.079		
-18.5	24.196		
-18.4	24.316		
-18.3	24.433		
-18.2	24.553		
-18.1	24.673		
-18.0	24.793	0.85888	
-17.9	24.912		
-17.8	25.032		
-17.7	25.155		
-17.6	25.275		
-17.5	25.397		
-17.4	25.517		
-17.3	25.640		
-17.2	25.762		
-17.1	25.885		
-17.0	26.010	0.85888	
-16.9	26.130		
-16.8	26.255		
-16.7	26.378		
-16.6	26.506		
-16.5	26.631		
-16.4	26.759		
-16.3	26.881		
-16.2	27.009		
-16.1	27.140		
-16.0	27.265	0.85888	
-15.9	27.393		
-15.8	27.518		
-15.7	27.646		
-15.6	27.774		
-15.5	27.904		
-15.4	28.029		
-15.3	28.157		
-15.2	28.285		
-15.1	28.413		
-15.0	28.538	0.85920	
-14.9	28.671		
-14.8	28.797		
-14.7	28.924		
-14.6	29.055		
-14.5	29.186		
-14.4	29.313		
-14.3	29.444		
-14.2	29.575		
-14.1	29.708		
-14.0	29.838	0.85888	
-13.9	29.974		
-13.8	30.105		
-13.7	30.238		
-13.6	30.371		
-13.5	30.502		
-13.4	30.632		
-13.3	30.763		
-13.2	30.893		
-13.1	31.026		
-13.0	31.157	0.85920	
-12.9	31.288		
-12.8	31.415		
-12.7	31.546		
-12.6	31.676		
-12.5	31.807		
-12.4	31.938		
-12.3	32.071		
-12.2	32.199		
-12.1	32.332		
-12.0	32.462	0.85920	
-11.9	32.593		
-11.8	32.723		
-11.7	32.857		
-11.6	32.990		
-11.5	33.120		
-11.4	33.248		
-11.3	33.381		
-11.2	33.509		
-11.1	33.640		
-11.0	33.770	0.85888	
-10.9	33.898		
-10.8	34.024		
-10.7	34.154		
-10.6	34.282		
-10.5	34.410		
-10.4	34.535		
-10.3	34.660		
-10.2	34.788		
-10.1	34.916		
-10.0	35.041	0.85888	
-9.9	35.169		
-9.8	35.294		
-9.7	35.419		
-9.6	35.542		
-9.5	35.667		
-9.4	35.787		
-9.3	35.912		
-9.2	36.032		
-9.1	36.155		
-9.0	36.277	0.85888	
-8.9	36.397		
-8.8	36.517		
-8.7	36.637		
-8.6	36.754		
-8.5	36.871		
-8.4	36.991		
-8.3	37.108		
-8.2	37.226		
-8.1	37.343		
-8.0	37.457	0.85888	
-7.9	37.569		
-7.8	37.684		
-7.7	37.798		
-7.6	37.910		
-7.5	38.022		
-7.4	38.129		
-7.3	38.238		
-7.2	38.345		
-7.1	38.451		
-7.0	38.558	0.85920	
-6.9	38.662		
-6.8	38.766		
-6.7	38.869		
-6.6	38.971		
-6.5	39.075		
-6.4	39.173		
-6.3	39.274		
-6.2	39.376		
-6.1	39.474		
-6.0	39.570	0.85888	
-5.9	39.669		
-5.8	39.762		
-5.7	39.855		
-5.6	39.948		
-5.5	40.039		
-5.4	40.130		
-5.3	40.217		
-5.2	40.305		
-5.1	40.393		
-5.0	40.479	0.85888	
-4.9	40.561		
-4.8	40.641		
-4.7	40.724		
-4.6	40.801		
-4.5	40.878		
-4.4	40.955		
-4.3	41.030		
-4.2	41.102		
-4.1	41.177		
-4.0	41.248	0.85888	
-3.9	41.318		
-3.8	41.390		
-3.7	41.456		
-3.6	41.526		
-3.5	41.589		
-3.4	41.653		
-3.3	41.717		
-3.2	41.779		
-3.1	41.837		
-3.0	41.896	0.85920	
-2.9	41.952		
-2.8	42.005		
-2.7	42.058		
-2.6	42.109		
-2.5	42.157		
-2.4	42.202		
-2.3	42.247		
-2.2	42.293		
-2.1	42.335		
-2.0	42.373	0.85920	
-1.9	42.413		
-1.8	42.450		
-1.7	42.485		
-1.6	42.519		
-1.5	42.551		
-1.4	42.583		
-1.3	42.615		
-1.2	42.644		
-1.1	42.671		
-1.0	42.698	0.85920	
-0.9	42.722		
-0.8	42.743		
-0.7	42.764		
-0.6	42.783		
-0.5	42.802		
-0.4	42.815		
-0.3	42.828		
-0.2	42.839		
-0.1	42.850		
0.0	42.855	0.85920	
0.1	42.860		
0.2	42.863		
0.3	42.863		
0.4	42.866		
0.5	42.860		
0.6	42.855		
0.7	42.850		
0.8	42.844		
0.9	42.834		
1.0	42.823	0.85920	
1.1	42.815		
1.2	42.802		
1.3	42.788		
1.4	42.775		
1.5	42.754		
1.6	42.735		
1.7	42.719		
1.8	42.698		
1.9	42.674		
2.0	42.647	0.85920	
2.1	42.620		
2.2	42.586		
2.3	42.551		
2.4	42.527		
2.5	42.487		
2.6	42.453		
2.7	42.410		
2.8	42.367		
2.9	42.325		
3.0	42.282	0.85920	
3.1	42.237		
3.2	42.186		
3.3	42.138		
3.4	42.088		
3.5	42.034		
3.6	41.981		
3.7	41.928		
3.8	41.874		
3.9	41.813		
4.0	41.757	0.85920	
4.1	41.693		
4.2	41.637		
4.3	41.576		
4.4	41.510		
4.5	41.440		
4.6	41.376		
4.7	41.307		
4.8	41.235		
4.9	41.163		
5.0	41.086	0.85952	
5.1	41.009		
5.2	40.931		
5.3	40.851		
5.4	40.772		
5.5	40.689		
5.6	40.606		
5.7	40.521		
5.8	40.433		
5.9	40.348		
6.0	40.263	0.85920	
6.1	40.172		
6.2	40.084		
6.3	39.991		
6.4	39.898		
6.5	39.807		
6.6	39.711		
6.7	39.618		
6.8	39.522		
6.9	39.421		
7.0	39.322	0.85920	
7.1	39.221		
7.2	39.120		
7.3	39.013		
7.4	38.912		
7.5	38.805		
7.6	38.702		
7.7	38.592		
7.8	38.486		
7.9	38.374		
8.0	38.267	0.85920	
8.1	38.155		
8.2	38.044		
8.3	37.932		
8.4	37.817		
8.5	37.703		
8.6	37.591		
8.7	37.473		
8.8	37.359		
8.9	37.239		
9.0	37.122	0.85920	
9.1	36.999		
9.2	36.882		
9.3	36.762		
9.4	36.642		
9.5	36.520		
9.6	36.397		
9.7	36.275		
9.8	36.149		
9.9	36.024		
10.0	35.902	0.85920	
10.1	35.776		
10.2	35.651		
10.3	35.523		
10.4	35.396		
10.5	35.273		
10.6	35.145		
10.7	35.015		
10.8	34.881		
10.9	34.753		
11.0	34.626	0.85920	
11.1	34.495		
11.2	34.365		
11.3	34.231		
11.4	34.101		
11.5	33.968		
11.6	33.837		
11.7	33.704		
11.8	33.571		
11.9	33.435		
12.0	33.302	0.85920	
12.1	33.168		
12.2	33.035		
12.3	32.902		
12.4	32.766		
12.5	32.633		
12.6	32.500		
12.7	32.369		
12.8	32.233		
12.9	32.097		
13.0	31.967	0.85920	
13.1	31.831		
13.2	31.695		
13.3	31.565		
13.4	31.429		
13.5	31.290		
13.6	31.157		
13.7	31.021		
13.8	30.885		
13.9	30.749		
14.0	30.616	0.85920	
14.1	30.480		
14.2	30.344		
14.3	30.206		
14.4	30.073		
14.5	29.934		
14.6	29.804		
14.7	29.668		
14.8	29.535		
14.9	29.396		
15.0	29.263	0.85920	
15.1	29.130		
15.2	28.996		
15.3	28.863		
15.4	28.733		
15.5	28.599		
15.6	28.466		
15.7	28.333		
15.8	28.203		
15.9	28.067		
16.0	27.936	0.85920	
16.1	27.803		
16.2	27.672		
16.3	27.539		
16.4	27.406		
16.5	27.275		
16.6	27.148		
16.7	27.014		
16.8	26.886		
16.9	26.753		
17.0	26.625	0.85920	
17.1	26.495		
17.2	26.367		
17.3	26.236		
17.4	26.109		
17.5	25.981		
17.6	25.855		
17.7	25.725		
17.8	25.600		
17.9	25.475		
18.0	25.347	0.85920	
18.1	25.221		
18.2	25.096		
18.3	24.971		
18.4	24.846		
18.5	24.721		
18.6	24.598		
18.7	24.473		
18.8	24.350		
18.9	24.228		
19.0	24.103	0.85920	
19.1	23.980		
19.2	23.857		
19.3	23.735		
19.4	23.618		
19.5	23.495		
19.6	23.375		
19.7	23.258		
19.8	23.138		
19.9	23.018		
20.0	22.904	0.85920	
20.1	22.784		
20.2	22.669		
20.3	22.552		
20.4	22.435		
20.5	22.318		
20.6	22.203		
20.7	22.089		
20.8	21.974		
20.9	21.859		
21.0	21.748	0.85920	
21.1	21.633		
21.2	21.524		
21.3	21.412		
21.4	21.297		
21.5	21.185		
21.6	21.076		
21.7	20.967		
21.8	20.858		
21.9	20.748		
22.0	20.639	0.85920	
22.1	20.533		
22.2	20.426		
22.3	20.320		
22.4	20.213		
22.5	20.104		
22.6	19.997		
22.7	19.891		
22.8	19.789		
22.9	19.686		
23.0	19.582	0.85920	
23.1	19.480		
23.2	19.376		
23.3	19.273		
23.4	19.174		
23.5	19.073		
23.6	18.974		
23.7	18.873		
23.8	18.774		
23.9	18.673		
24.0	18.575	0.85920	
24.1	18.479		
24.2	18.383		
24.3	18.284		
24.4	18.188		
24.5	18.090		
24.6	17.997		
24.7	17.901		
24.8	17.807		
24.9	17.711		
25.0	17.618	0.85920	
25.1	17.525		
25.2	17.434		
25.3	17.341		
25.4	17.248		
25.5	17.160		
25.6	17.069		
25.7	16.979		
25.8	16.891		
25.9	16.800		
26.0	16.712	0.85920	
26.1	16.625		
26.2	16.537		
26.3	16.451		
26.4	16.366		
26.5	16.281		
26.6	16.196		
26.7	16.110		
26.8	16.025		
26.9	15.940		
27.0	15.857	0.85920	
27.1	15.772		
27.2	15.689		
27.3	15.610		
27.4	15.527		
27.5	15.444		
27.6	15.367		
27.7	15.284		
27.8	15.205		
27.9	15.125		
28.0	15.047	0.85920	
28.1	14.970		
28.2	14.893		
28.3	14.816		
28.4	14.738		
28.5	14.658		
28.6	14.581		
28.7	14.507		
28.8	14.432		
28.9	14.357		
29.0	14.283	0.85920	
29.1	14.208		
29.2	14.136		
29.3	14.062		
29.4	13.990		
29.5	13.915		
29.6	13.843		
29.7	13.774		
29.8	13.702		
29.9	13.630		
30.0	13.561	0.85920	
30.1	13.492		
30.2	13.420		
30.3	13.353		
30.4	13.284		
30.5	13.215		
30.6	13.145		
30.7	13.079		
30.8	13.012		
30.9	12.945		
31.0	12.879	0.85920	
31.1	12.812		
31.2	12.748		
31.3	12.684		
31.4	12.618		
31.5	12.554		
31.6	12.490		
31.7	12.429		
31.8	12.365		
31.9	12.303		
32.0	12.239	0.85920	
32.1	12.176		
32.2	12.117		
32.3	12.056		
32.4	11.994		
32.5	11.933		
32.6	11.874		
32.7	11.813		
32.8	11.755		
32.9	11.696		
33.0	11.637	0.85920	
33.1	11.576		
33.2	11.520		
33.3	11.462		
33.4	11.406		
33.5	11.350		
33.6	11.294		
33.7	11.235		
33.8	11.182		
33.9	11.126		
34.0	11.070	0.85920	
34.1	11.014		
34.2	10.961		
34.3	10.907		
34.4	10.851		
34.5	10.798		
34.6	10.748		
34.7	10.694		
34.8	10.641		
34.9	10.588		
35.0	10.537	0.85920	
35.1	10.484		
35.2	10.433		
35.3	10.383		
35.4	10.329		
35.5	10.281		
35.6	10.231		
35.7	10.180		
35.8	10.132		
35.9	10.082		
36.0	10.031	0.85920	
36.1	9.986		
36.2	9.938		
36.3	9.887		
36.4	9.839		
36.5	9.794		
36.6	9.749		
36.7	9.701		
36.8	9.653		
36.9	9.605		
37.0	9.562	0.85920	
37.1	9.517		
37.2	9.469		
37.3	9.424		
37.4	9.381		
37.5	9.336		
37.6	9.290		
37.7	9.250		
37.8	9.205		
37.9	9.157		
38.0	9.115	0.85920	
38.1	9.072		
38.2	9.032		
38.3	8.987		
38.4	8.944		
38.5	8.904		
38.6	8.861		
38.7	8.821		
38.8	8.779		
38.9	8.736		
39.0	8.699	0.85888	
39.1	8.656		
39.2	8.619		
39.3	8.579		
39.4	8.539		
39.5	8.496		
39.6	8.457		
39.7	8.417		
39.8	8.379		
39.9	8.339		
40.0	8.305	0.85888	
40.1	8.267		
40.2	8.227		
40.3	8.190		
40.4	8.153		
40.5	8.116		
40.6	8.081		
40.7	8.041		
40.8	8.004		
40.9	7.969		
41.0	7.934	0.85888	
41.1	7.897		
41.2	7.862		
41.3	7.825		
41.4	7.790		
41.5	7.753		
41.6	7.719		
41.7	7.684		
41.8	7.649		
41.9	7.615		
42.0	7.580	0.85888	
42.1	7.548		
42.2	7.513		
42.3	7.481		
42.4	7.449		
42.5	7.415		
42.6	7.383		
42.7	7.348		
42.8	7.319		
42.9	7.284		
43.0	7.252	0.85888	
43.1	7.220		
43.2	7.188		
43.3	7.156		
43.4	7.127		
43.5	7.095		
43.6	7.066		
43.7	7.034		
43.8	7.005		
43.9	6.973		
44.0	6.943	0.85888	
44.1	6.914		
44.2	6.885		
44.3	6.855		
44.4	6.823		
44.5	6.794		
44.6	6.765		
44.7	6.738		
44.8	6.706		
44.9	6.680		
45.0	6.653	0.85888	
45.1	6.624		
45.2	6.594		
45.3	6.568		
45.4	6.541		
45.5	6.512		
45.6	6.482		
45.7	6.456		
45.8	6.432		
45.9	6.403		
46.0	6.376	0.85888	
46.1	6.347		
46.2	6.323		
46.3	6.296		
46.4	6.269		
46.5	6.245		
46.6	6.219		
46.7	6.192		
46.8	6.168		
46.9	6.141		
47.0	6.115	0.85888	
47.1	6.091		
47.2	6.067		
47.3	6.040		
47.4	6.016		
47.5	5.992		
47.6	5.966		
47.7	5.942		
47.8	5.920		
47.9	5.896		
48.0	5.872	0.85888	
48.1	5.848		
48.2	5.824		
48.3	5.800		
48.4	5.776		
48.5	5.752		
48.6	5.731		
48.7	5.707		
48.8	5.683		
48.9	5.662		
49.0	5.641	0.85888	
49.1	5.617		
49.2	5.595		
49.3	5.571		
49.4	5.550		
49.5	5.529		
49.6	5.505		
49.7	5.483		
49.8	5.462		
49.9	5.441		
50.0	5.419	0.85888	
50.1	5.398		
50.2	5.377		
50.3	5.356		
50.4	5.337		
50.5	5.316		
50.6	5.297		
50.7	5.276		
50.8	5.254		
50.9	5.236		
51.0	5.214	0.85888	
51.1	5.196		
51.2	5.174		
51.3	5.158		
51.4	5.137		
51.5	5.116		
51.6	5.097		
51.7	5.076		
51.8	5.057		
51.9	5.041		
52.0	5.020	0.85888	
52.1	5.001		
52.2	4.983		
52.3	4.961		
52.4	4.943		
52.5	4.921		
52.6	4.905		
52.7	4.889		
52.8	4.868		
52.9	4.852		
53.0	4.833	0.85888	
53.1	4.815		
53.2	4.799		
53.3	4.783		
53.4	4.761		
53.5	4.743		
53.6	4.727		
53.7	4.708		
53.8	4.690		
53.9	4.674		
54.0	4.655	0.85888	
54.1	4.639		
54.2	4.623		
54.3	4.607		
54.4	4.588		
54.5	4.572		
54.6	4.556		
54.7	4.538		
54.8	4.524		
54.9	4.508		
55.0	4.492	0.85888	
55.1	4.476		
55.2	4.460		
55.3	4.442		
55.4	4.426		
55.5	4.410		
55.6	4.394		
55.7	4.378		
55.8	4.365		
55.9	4.349		
56.0	4.333	0.85888	
56.1	4.317		
56.2	4.303		
56.3	4.287		
56.4	4.274		
56.5	4.258		
56.6	4.245		
56.7	4.226		
56.8	4.213		
56.9	4.197		
57.0	4.183	0.85888	
57.1	4.167		
57.2	4.154		
57.3	4.138		
57.4	4.125		
57.5	4.109		
57.6	4.098		
57.7	4.082		
57.8	4.069		
57.9	4.055		
58.0	4.042	0.85856	
58.1	4.029		
58.2	4.013		
58.3	4.000		
58.4	3.984		
58.5	3.970		
58.6	3.960		
58.7	3.944		
58.8	3.930		
58.9	3.920		
59.0	3.906	0.85856	
59.1	3.893		
59.2	3.877		
59.3	3.866		
59.4	3.853		
59.5	3.842		
59.6	3.829		
59.7	3.816		
59.8	3.805		
59.9	3.792		
60.0	3.778	0.85856	
60.1	3.765		
60.2	3.754		
60.3	3.741		
60.4	3.728		
60.5	3.714		
60.6	3.701		
60.7	3.691		
60.8	3.680		
60.9	3.667		
61.0	3.656	0.85888	
61.1	3.645		
61.2	3.629		
61.3	3.621		
61.4	3.611		
61.5	3.597		
61.6	3.584		
61.7	3.573		
61.8	3.560		
61.9	3.549		
62.0	3.539	0.85856	
62.1	3.528		
62.2	3.517		
62.3	3.504		
62.4	3.493		
62.5	3.483		
62.6	3.472		
62.7	3.459		
62.8	3.448		
62.9	3.437		
63.0	3.429	0.85888	
63.1	3.419		
63.2	3.408		
63.3	3.397		
63.4	3.384		
63.5	3.373		
63.6	3.363		
63.7	3.352		
63.8	3.344		
63.9	3.334		
64.0	3.323	0.85888	
64.1	3.312		
64.2	3.302		
64.3	3.291		
64.4	3.286		
64.5	3.272		
64.6	3.264		
64.7	3.254		
64.8	3.246		
64.9	3.235		
65.0	3.224	0.85888	
65.1	3.214		
65.2	3.203		
65.3	3.192		
65.4	3.182		
65.5	3.174		
65.6	3.166		
65.7	3.158		
65.8	3.147		
65.9	3.139		
66.0	3.128	0.85888	
66.1	3.118		
66.2	3.110		
66.3	3.102		
66.4	3.094		
66.5	3.080		
66.6	3.072		
66.7	3.064		
66.8	3.054		
66.9	3.043		
67.0	3.035	0.85888	
67.1	3.027		
67.2	3.019		
67.3	3.009		
67.4	3.001		
67.5	2.995		
67.6	2.985		
67.7	2.977		
67.8	2.966		
67.9	2.955		
68.0	2.950	0.85888	
68.1	2.942		
68.2	2.934		
68.3	2.923		
68.4	2.915		
68.5	2.907		
68.6	2.899		
68.7	2.894		
68.8	2.883		
68.9	2.875		
69.0	2.865	0.85888	
69.1	2.859		
69.2	2.851		
69.3	2.843		
69.4	2.833		
69.5	2.825		
69.6	2.819		
69.7	2.811		
69.8	2.803		
69.9	2.793		
70.0	2.787	0.85888	
71.0	2.713	0.85888	
72.0	2.638	0.85888	
73.0	2.572	0.85888	
74.0	2.505	0.85888	
75.0	2.441	0.85888	
76.0	2.380	0.85888	
77.0	2.321	0.85888	
78.0	2.268	0.85888	
79.0	2.212	0.85888	
80.0	2.164	0.85888	
81.0	2.113	0.85888	
82.0	2.068	0.85888	
83.0	2.023	0.85888	
84.0	1.978	0.85888	
85.0	1.938	0.85888	
86.0	1.898	0.85888	
87.0	1.858	0.85888	
88.0	1.820	0.85888	
89.0	1.788	0.85888	
90.0	1.754	0.85888	
91.0	1.722	0.85888	
92.0	1.687	0.85888	
93.0	1.658	0.85888	
94.0	1.629	0.85888	
95.0	1.599	0.85888	
96.0	1.573	0.85888	
97.0	1.549	0.85888	
98.0	1.522	0.85888	
99.0	1.498	0.85920	
100.0	1.474	0.85888	
101.0	1.453	0.85920	
102.0	1.429	0.85920	
103.0	1.410	0.85920	
104.0	1.389	0.85888	
105.0	1.370	0.85888	
106.0	1.351	0.85920	
107.0	1.333	0.85920	
108.0	1.314	0.85920	
109.0	1.296	0.85920	
110.0	1.282	0.85920	
111.0	1.266	0.85920	
112.0	1.248	0.85920	
113.0	1.234	0.85920	
114.0	1.221	0.85920	
115.0	1.208	0.85920	
116.0	1.194	0.85920	
117.0	1.178	0.85920	
118.0	1.165	0.85920	
119.0	1.157	0.85920	
120.0	1.144	0.85920	
121.0	1.133	0.85920	
122.0	1.122	0.85920	
123.0	1.112	0.85920	
124.0	1.101	0.85920	
125.0	1.090	0.85920	
126.0	1.082	0.85920	
127.0	1.072	0.85920	
128.0	1.064	0.85952	
129.0	1.056	0.85952	
130.0	1.045	0.85920	
131.0	1.037	0.85920	
132.0	1.029	0.85952	
133.0	1.024	0.85920	
134.0	1.013	0.85920	
135.0	1.008	0.85952	
136.0	1.000	0.85952	
137.0	0.992	0.85920	
138.0	0.986	0.85920	
139.0	0.981	0.85952	
140.0	0.976	0.85952	
141.0	0.968	0.85952	
142.0	0.963	0.85952	
143.0	0.960	0.85952	
144.0	0.955	0.85952	
145.0	0.947	0.85952	
146.0	0.944	0.85952	
147.0	0.939	0.85920	
148.0	0.936	0.85920	
149.0	0.931	0.85920	
150.0	0.925	0.85952	
151.0	0.923	0.85952	
152.0	0.917	0.85920	
153.0	0.915	0.85920	
154.0	0.912	0.85952	
155.0	0.909	0.85920	
156.0	0.907	0.85920	
157.0	0.901	0.85920	
158.0	0.899	0.85920	
159.0	0.901	0.85920	
160.0	0.899	0.85920	
161.0	0.891	0.85920	
162.0	0.885	0.85920	
163.0	0.893	0.85920	
164.0	0.885	0.85888	
165.0	0.885	0.85920	
166.0	0.877	0.85888	
167.0	0.880	0.85920	
168.0	0.875	0.85888	
169.0	0.875	0.85888	
170.0	0.875	0.85888	
171.0	0.872	0.85888	
172.0	0.872	0.85888	
173.0	0.872	0.85888	
174.0	0.869	0.85888	
175.0	0.869	0.85888	
176.0	0.869	0.85888	
177.0	0.869	0.85888	
178.0	0.872	0.85888	
179.0	0.869	0.85888	
180.0	0.869	0.85888	
181.0	0.869	0.85888	
182.0	0.872	0.85888	
183.0	0.875	0.85888	
184.0	0.875	0.85888	
185.0	0.872	0.85633	
186.0	0.877	0.85601	
187.0	0.877	0.85665	
188.0	0.880	0.85633	
189.0	0.883	0.85665	
190.0	0.883	0.85665	
191.0	0.885	0.85697	
192.0	0.888	0.85697	
193.0	0.891	0.85697	
194.0	0.893	0.85697	
195.0	0.896	0.85697	
196.0	0.901	0.85697	
197.0	0.904	0.85729	
198.0	0.907	0.85729	
199.0	0.909	0.85729	
200.0	0.915	0.85729	
201.0	0.920	0.85729	
202.0	0.923	0.85761	
203.0	0.925	0.85761	
204.0	0.931	0.85729	
205.0	0.936	0.85761	
206.0	0.939	0.85761	
207.0	0.944	0.85792	
208.0	0.949	0.85761	
209.0	0.955	0.85792	
210.0	0.960	0.85792	
211.0	0.965	0.85761	
212.0	0.968	0.85792	
213.0	0.973	0.85792	
214.0	0.978	0.85792	
215.0	0.984	0.85792	
216.0	0.989	0.85792	
217.0	0.994	0.85792	
218.0	1.000	0.85824	
219.0	1.005	0.85824	
220.0	1.010	0.85824	
221.0	1.016	0.85824	
222.0	1.021	0.85824	
223.0	1.026	0.85824	
224.0	1.032	0.85824	
225.0	1.037	0.85824	
226.0	1.045	0.85824	
227.0	1.048	0.85824	
228.0	1.053	0.85824	
229.0	1.058	0.85824	
230.0	1.064	0.85824	
231.0	1.069	0.85824	
232.0	1.072	0.85824	
233.0	1.080	0.85856	
234.0	1.082	0.85824	
235.0	1.088	0.85984	
236.0	1.093	0.85824	
237.0	1.096	0.85856	
238.0	1.101	0.85856	
239.0	1.106	0.85856	
240.0	1.112	0.85856	
241.0	1.114	0.85856	
242.0	1.120	0.85856	
243.0	1.122	0.85856	
244.0	1.128	0.85856	
245.0	1.133	0.85888	
246.0	1.136	0.85888	
247.0	1.138	0.85888	
248.0	1.144	0.85856	
249.0	1.146	0.85888	
250.0	1.152	0.85888	
251.0	1.157	0.85888	
252.0	1.160	0.85888	
253.0	1.162	0.85888	
254.0	1.168	0.85888	
255.0	1.168	0.85888	
256.0	1.173	0.86079	
257.0	1.176	0.85888	
258.0	1.184	0.85888	
259.0	1.184	0.85888	
260.0	1.189	0.85888	
261.0	1.192	0.86781	
262.0	1.194	0.85888	
263.0	1.200	0.85888	
264.0	1.202	0.85888	
265.0	1.205	0.85888	
266.0	1.208	0.85888	
267.0	1.210	0.85888	
268.0	1.213	0.85888	
269.0	1.218	0.85888	
270.0	1.221	0.85888	
271.0	1.224	0.85888	
272.0	1.229	0.85888	
273.0	1.229	0.85888	
274.0	1.232	0.85888	
275.0	1.234	0.85888	
276.0	1.242	0.86175	
277.0	1.242	0.85888	
278.0	1.242	0.85888	
279.0	1.248	0.85888	
280.0	1.250	0.85856	
281.0	1.253	0.85888	
282.0	1.256	0.85888	
283.0	1.258	0.85888	
284.0	1.261	0.85888	
285.0	1.264	0.85888	
286.0	1.269	0.85856	
287.0	1.269	0.85856	
288.0	1.272	0.85888	
289.0	1.274	0.85856	
290.0	1.277	0.85856	
291.0	1.277	0.85888	
292.0	1.280	0.85856	
293.0	1.282	0.85856	
294.0	1.282	0.85856	
295.0	1.282	0.85856	
296.0	1.285	0.85856	
297.0	1.285	0.85856	
298.0	1.285	0.85856	
299.0	1.288	0.85856	
300.0	1.288	0.85856	
301.0	1.288	0.85856	
302.0	1.288	0.85856	
303.0	1.290	0.85856	
304.0	1.290	0.85888	
305.0	1.288	0.85856	
306.0	1.288	0.85888	
307.0	1.285	0.85856	
308.0	1.285	0.85856	
309.0	1.282	0.85856	
310.0	1.282	0.85856	
311.0	1.280	0.85856	
312.0	1.280	0.85856	
313.0	1.274	0.85856	
314.0	1.272	0.85856	
315.0	1.269	0.85856	
316.0	1.266	0.85856	
317.0	1.264	0.85856	
318.0	1.261	0.85856	
319.0	1.258	0.85888	
320.0	1.256	0.85856	
321.0	1.253	0.85888	
322.0	1.250	0.85888	
323.0	1.248	0.85856	
324.0	1.242	0.85888	
325.0	1.242	0.85888	
326.0	1.240	0.85888	
327.0	1.240	0.85856	
328.0	1.234	0.85888	
329.0	1.237	0.85888	
330.0	1.237	0.85888	
331.0	1.240	0.85888	
332.0	1.237	0.85888	
333.0	1.240	0.85888	
334.0	1.242	0.85888	
335.0	1.248	0.85888	
336.0	1.253	0.85888	
337.0	1.261	0.85888	
338.0	1.269	0.85888	
339.0	1.280	0.85888	
340.0	1.290	0.85888	
341.0	1.301	0.85920	
342.0	1.317	0.85888	
343.0	1.330	0.85920	
344.0	1.346	0.85888	
345.0	1.365	0.85920	
346.0	1.383	0.85920	
347.0	1.405	0.85920	
348.0	1.423	0.85888	
349.0	1.442	0.85920	
350.0	1.463	0.85920	
351.0	1.485	0.85920	
352.0	1.503	0.85920	
353.0	1.522	0.85920	
354.0	1.538	0.85920	
355.0	1.554	0.85920	
356.0	1.565	0.85920	
357.0	1.583	0.85920	
358.0	1.586	0.85920	
359.0	1.586	0.85920	
